
Processing viscosity.C+...
0.0232 -0.0224
22.8 0.565685
0.0232 -0.0236
23.4 0.565685
0.0232 -0.0228
23 0.565685
0.0184 -0.0276
23 0.565685
0.0184 -0.0276
23 0.565685
0.018 -0.028
23 0.565685
0.0188 -0.0292
24 0.565685
0.0188 -0.0284
23.6 0.565685
0.0192 -0.028
23.6 0.565685
0.024 -0.0248
24.4 0.565685
0.0236 -0.0244
24 0.565685
0.0236 -0.0236
23.6 0.565685
0.0216 -0.0256
23.6 0.565685
0.02 -0.0272
23.6 0.565685
0.0212 -0.0272
24.2 0.565685
0.024 -0.0248
24.4 0.565685
0.0236 -0.0256
24.6 0.565685
0.0196 -0.0284
24 0.565685
0.0204 -0.0276
24 0.565685
0.0204 -0.028
24.2 0.565685
0.0208 -0.0272
24 0.565685
0.0232 -0.0256
24.4 0.565685
0.0236 -0.026
24.8 0.565685
0.0236 -0.0252
24.4 0.565685
0.024 -0.028
26 0.565685
0.0184 -0.0316
25 0.565685
0.0184 -0.0312
24.8 0.565685
5 23.0667 +- 0.144016 or 0.326599
15 23 +- 0 or 0.326599
25 23.7333 +- 0.108866 or 0.326599
37 24 +- 0.188562 or 0.326599
50 23.8 +- 0.163299 or 0.326599
64 24.3333 +- 0.144016 or 0.326599
75 24.0667 +- 0.0544331 or 0.326599
87 24.5333 +- 0.108866 or 0.326599
100 25.2667 +- 0.303071 or 0.326599
 FCN=26.2723 FROM MIGRAD    STATUS=CALL LIMIT   1345 CALLS        1346 TOTAL
                     EDM=0.000489565    STRATEGY= 1  ERROR MATRIX UNCERTAINTY  35.0 per cent
  EXT PARAMETER                APPROXIMATE        STEP         FIRST   
  NO.   NAME      VALUE            ERROR          SIZE      DERIVATIVE 
   1  p0           3.17980e+01   5.00480e+00   8.85198e-02  -7.25468e-01
   2  p1           2.15018e+00   5.87711e-01   1.04939e-02   5.57907e+00
   3  p2          -1.63468e-03   1.05234e-03   1.71158e-05   3.31340e+02
T1 = 611.74 +- 1105.45
