
Processing viscosity.C+...
0.0042 -0.0138
9 0.565685
0.0048 -0.0138
9.3 0.565685
0.0044 -0.0138
9.1 0.565685
0.0048 -0.0144
9.6 0.565685
0.0042 -0.0144
9.3 0.565685
0.0046 -0.0144
9.5 0.565685
0.0066 -0.012
9.3 0.565685
0.007 -0.0114
9.2 0.565685
0.0068 -0.012
9.4 0.565685
0.0096 -0.0104
10 0.565685
0.006 -0.0134
9.7 0.565685
0.0054 -0.0136
9.5 0.565685
0.0034 -0.0162
9.8 0.565685
0.0018 -0.0168
9.3 0.565685
0.0024 -0.0166
9.5 0.565685
0.0104 -0.0098
10.1 0.565685
0.0062 -0.0134
9.8 0.565685
0.006 -0.014
10 0.565685
0.0082 -0.0122
10.2 0.565685
0.0086 -0.0118
10.2 0.565685
0.0082 -0.0124
10.3 0.565685
0.0044 -0.0154
9.9 0.565685
0.0058 -0.0144
10.1 0.565685
0.006 -0.0144
10.2 0.565685
0.0034 -0.0168
10.1 0.565685
0.003 -0.0172
10.1 0.565685
0.003 -0.0166
9.8 0.565685
5 9.13333 +- 0.0720082 or 0.326599
15 9.46667 +- 0.0720082 or 0.326599
25 9.3 +- 0.0471405 or 0.326599
37 9.73333 +- 0.118634 or 0.326599
50 9.53333 +- 0.118634 or 0.326599
64 9.96667 +- 0.0720082 or 0.326599
75 10.2333 +- 0.0272166 or 0.326599
87 10.0667 +- 0.0720082 or 0.326599
100 10 +- 0.0816497 or 0.326599
 FCN=65.0895 FROM MINOS     STATUS=SUCCESSFUL     82 CALLS         602 TOTAL
                     EDM=5.29906e-08    STRATEGY= 1      ERROR MATRIX ACCURATE 
  EXT PARAMETER                                   STEP         FIRST   
  NO.   NAME      VALUE            ERROR          SIZE      DERIVATIVE 
   1  p0           1.07984e+01   2.87408e-01  -2.68625e-03   3.92127e-02
   2  p1           6.20311e-01   1.34127e-01  -1.13327e-03  -5.62160e-02
   3  p2          -1.36406e-02   4.01563e-03   4.01563e-03  -1.28716e+00
T1 = 73.3103 +- 30.5856
