
Processing viscosity.C+...
0.0142 -0.0166
15.4 0.565685
0.0138 -0.0162
15 0.565685
0.0148 -0.016
15.4 0.565685
0.0094 -0.0202
14.8 0.565685
0.0086 -0.021
14.8 0.565685
0.0092 -0.0202
14.7 0.565685
0.0112 -0.0194
15.3 0.565685
0.0122 -0.0186
15.4 0.565685
0.007 -0.022
14.5 0.565685
0.0156 -0.0168
16.2 0.565685
0.0152 -0.0166
15.9 0.565685
0.0158 -0.016
15.9 0.565685
0.0074 -0.023
15.2 0.565685
0.0076 -0.024
15.8 0.565685
0.0116 -0.0204
16 0.565685
0.016 -0.0176
16.8 0.565685
0.0116 -0.0216
16.6 0.565685
0.0106 -0.021
15.8 0.565685
0.0128 -0.0192
16 0.565685
0.0136 -0.0192
16.4 0.565685
0.0136 -0.0192
16.4 0.565685
0.0134 -0.0196
16.5 0.565685
0.0144 -0.0194
16.9 0.565685
0.0134 -0.0196
16.5 0.565685
0.011 -0.0224
16.7 0.565685
0.0108 -0.0222
16.5 0.565685
0.0096 -0.024
16.8 0.565685
5 15.2667 +- 0.108866 or 0.326599
15 14.7667 +- 0.0272166 or 0.326599
25 15.0667 +- 0.232538 or 0.326599
37 16 +- 0.0816497 or 0.326599
50 15.6667 +- 0.196261 or 0.326599
64 16.4 +- 0.249444 or 0.326599
75 16.2667 +- 0.108866 or 0.326599
87 16.6333 +- 0.108866 or 0.326599
100 16.6667 +- 0.0720082 or 0.326599
 FCN=99.1687 FROM MINOS     STATUS=SUCCESSFUL     56 CALLS         572 TOTAL
                     EDM=8.42948e-07    STRATEGY= 1      ERROR MATRIX ACCURATE 
  EXT PARAMETER                                   STEP         FIRST   
  NO.   NAME      VALUE            ERROR          SIZE      DERIVATIVE 
   1  p0           1.76674e+01   4.47121e-01  -1.50308e-04  -1.22520e-03
   2  p1           1.22610e+00   1.11762e-01  -6.39468e-05   2.97724e-03
   3  p2          -1.28130e-02   3.27045e-03   3.27045e-03  -2.69889e+00
T1 = 78.0457 +- 26.748
