
Processing water.C+...
0.0052 -0.006
0.0056 0.000565685
0.0058 -0.0064
0.0061 0.000565685
0.0054 -0.006
0.0057 0.000565685
0.008 -0.0082
0.0081 0.000565685
0.0082 -0.0078
0.008 0.000565685
0.0078 -0.0088
0.0083 0.000565685
0.0098 -0.0102
0.01 0.000565685
0.0098 -0.0102
0.01 0.000565685
0.0096 -0.0104
0.01 0.000565685
0.011 -0.0118
0.0114 0.000565685
0.0104 -0.012
0.0112 0.000565685
0.0108 -0.0118
0.0113 0.000565685
0.0126 -0.0134
0.013 0.000565685
0.0124 -0.0138
0.0131 0.000565685
0.0126 -0.0136
0.0131 0.000565685
0.0164 -0.0136
0.015 0.000565685
0.0148 -0.0156
0.0152 0.000565685
0.014 -0.0156
0.0148 0.000565685
0.5 0.0058 +- 0.000579272
1 0.00813333 +- 0.00057025
1.5 0.01 +- nan
2 0.0113 +- 0.000567646
3 0.0130667 +- 0.00056634
4.5 0.015 +- 0.000573488
 FCN=0.130188 FROM MIGRAD    STATUS=CONVERGED     191 CALLS         192 TOTAL
                     EDM=6.44055e-07    STRATEGY= 1      ERROR MATRIX ACCURATE 
  EXT PARAMETER                                   STEP         FIRST   
  NO.   NAME      VALUE            ERROR          SIZE      DERIVATIVE 
   1  p0           1.66516e+01   1.75156e+00   1.32635e-04   2.10954e-03
   2  p1           2.60901e+00   9.22852e-02   1.94728e-05  -1.48403e-02
   3  p2          -4.59032e-01   1.59389e-01   1.50558e-05  -2.36086e-02
T1 = 2.1785 +- 1.15881
