
Processing water.C+...
0.0028 -0.0074
0.0051 0.000565685
0.0024 -0.0078
0.0051 0.000565685
0.0026 -0.0084
0.0055 0.000565685
0.0056 -0.0112
0.0084 0.000565685
0.0056 -0.0104
0.008 0.000565685
0.004 -0.0124
0.0082 0.000565685
0.0064 -0.013
0.0097 0.000565685
0.007 -0.0122
0.0096 0.000565685
0.0074 -0.013
0.0102 0.000565685
0.0062 -0.0158
0.011 0.000565685
0.0088 -0.0134
0.0111 0.000565685
0.0094 -0.0136
0.0115 0.000565685
0.0116 -0.014
0.0128 0.000565685
0.0112 -0.0144
0.0128 0.000565685
0.0112 -0.0144
0.0128 0.000565685
0.0124 -0.0144
0.0134 0.000565685
0.012 -0.016
0.014 0.000565685
0.0104 -0.0172
0.0138 0.000565685
0.0124 -0.0176
0.015 0.000565685
0.012 -0.018
0.015 0.000565685
0.0124 -0.018
0.0152 0.000565685
0.0128 -0.0192
0.016 0.000565685
0.0128 -0.0188
0.0158 0.000565685
0.0128 -0.0188
0.0158 0.000565685
0.0148 -0.0184
0.0166 0.000565685
0.0144 -0.0192
0.0168 0.000565685
0.0144 -0.018
0.0162 0.000565685
0.0132 -0.0204
0.0168 0.000565685
0.0132 -0.0204
0.0168 0.000565685
0.0128 -0.0208
0.0168 0.000565685
0.0128 -0.0216
0.0172 0.000565685
0.0128 -0.0212
0.017 0.000565685
0.0128 -0.0216
0.0172 0.000565685
0.5 0.00523333 +- 0.000576066
1 0.0082 +- 0.000573488
1.5 0.00983333 +- 0.00058563
2 0.0112 +- 0.000579272
2.5 0.0128 +- 0.000565685
3 0.0137333 +- 0.00058373
4 0.0150667 +- 0.000568298
5 0.0158667 +- 0.000568298
6 0.0165333 +- 0.00058373
7 0.0168 +- 0.000565685
8 0.0171333 +- 0.000568298
 FCN=0.640406 FROM MIGRAD    STATUS=CONVERGED     160 CALLS         161 TOTAL
                     EDM=4.10822e-09    STRATEGY= 1      ERROR MATRIX ACCURATE 
  EXT PARAMETER                                   STEP         FIRST   
  NO.   NAME      VALUE            ERROR          SIZE      DERIVATIVE 
   1  p0           1.74208e+01   4.91028e-01   1.08279e-04  -2.67286e-04
   2  p1           2.72206e+00   5.08064e-02   1.86578e-05   1.69413e-03
   3  p2          -4.67573e-01   6.09933e-02   1.22880e-05   3.59502e-03
T1 = 2.1387 +- 0.320838
