0.223327 0.00284307
0.227834 0.0030933
0.223493 0.00297976
0.228036 0.00326657
0.223543 0.00286866
0.22821 0.00316306
0.219504 0.00323939
0.223953 0.00406141
0.21996 0.00303115
0.224258 0.00349402
0.219939 0.00279548
0.224601 0.00306244
0.221628 0.00461389
0.217659 0.00404785
0.221561 0.00457372
0.216908 0.00452983
0.221328 0.00467322
0.217116 0.00879625
0.218135 0.00273815
0.214895 0.00260832
0.218982 0.00275945
0.215826 0.00254264
0.218666 0.00266948
0.215952 0.00265181
0.210249 0.00246123
0.213919 0.00274203
0.213539 0.00363309
0.210541 0.0035268
0.213934 0.00376529
0.210562 0.00351236
0.212568 0.00247575
0.208661 0.0025886
0.212335 0.00267515
0.208793 0.00244149
0.212142 0.00269939
0.208715 0.00266956
