0.161986 0.00234143
0.165659 0.00260604
0.161752 0.00265151
0.165968 0.00239395
0.161874 0.00203149
0.165754 0.0025905
0.157105 0.00223951
0.160541 0.00279049
0.15718 0.00231934
0.160539 0.00248135
0.157351 0.00201816
0.161077 0.00286857
0.154003 0.00882225
0.157307 0.00477143
0.153306 0.00920408
0.156456 0.00427373
0.153218 0.00980717
0.156594 0.00415879
0.151172 0.00188984
0.153633 0.00204447
0.152075 0.0018522
0.154468 0.00186074
0.152043 0.00194688
0.154538 0.00200007
0.146067 0.00203016
0.148703 0.00239985
0.149419 0.00337244
0.146327 0.00324878
0.149349 0.00718729
0.146176 0.0036113
0.147737 0.00204003
0.144397 0.00173641
0.147603 0.00182641
0.144368 0.00195315
0.147471 0.00196632
0.1441 0.00198879
