100 0.223327 0.00284307
100 0.161986 0.00234143
100 0.165659 0.00260604
100 0.227834 0.0030933
100 0.223493 0.00297976
100 0.161752 0.00265151
100 0.165968 0.00239395
100 0.228036 0.00326657
100 0.223543 0.00286866
100 0.161874 0.00203149
100 0.165754 0.0025905
100 0.22821 0.00316306
110 0.241454 0.00356333
110 0.172815 0.00246346
110 0.176595 0.00306954
110 0.246348 0.00446755
110 0.241956 0.00333426
110 0.172898 0.00255127
110 0.176593 0.00272948
110 0.246684 0.00384342
110 0.241933 0.00307503
110 0.173086 0.00221998
110 0.177185 0.00315543
110 0.247061 0.00336868
120 0.265953 0.00553667
120 0.261191 0.00485742
120 0.184804 0.0105867
120 0.188769 0.00572571
120 0.265873 0.00548846
120 0.26029 0.00543579
120 0.183967 0.0110449
120 0.187747 0.00512848
120 0.265593 0.00560786
120 0.260539 0.0105555
120 0.183862 0.0117686
120 0.187913 0.00499055
130 0.283575 0.0035596
130 0.279363 0.00339082
130 0.196523 0.00245679
130 0.199723 0.00265781
130 0.284677 0.00358728
130 0.280574 0.00330543
130 0.197698 0.00240786
130 0.200809 0.00241896
130 0.284266 0.00347032
130 0.280737 0.00344735
130 0.197656 0.00253095
130 0.200899 0.00260009
140 0.294348 0.00344572
140 0.204494 0.00284223
140 0.208184 0.00335979
140 0.299487 0.00383884
140 0.209186 0.00472142
140 0.298955 0.00508633
140 0.294757 0.00493752
140 0.204858 0.00454829
140 0.209088 0.0100622
140 0.299508 0.00527141
140 0.294787 0.0049173
140 0.204647 0.00505582
150 0.221605 0.00306005
150 0.318852 0.00371363
150 0.312992 0.0038829
150 0.216596 0.00260462
150 0.221405 0.00273961
150 0.318503 0.00401273
150 0.313189 0.00366224
150 0.216552 0.00292972
150 0.221207 0.00294948
150 0.318213 0.00404908
150 0.313072 0.00400434
150 0.21615 0.00298319
