100 0.206933 0.00704128
100 0.139232 0.00493535
100 0.143472 0.00521332
100 0.211755 0.00729402
100 0.207111 0.00711082
100 0.138963 0.00513029
100 0.143824 0.00508837
100 0.211971 0.00738548
100 0.207164 0.00705969
100 0.139103 0.00474807
100 0.143579 0.00520624
100 0.212156 0.00733925
110 0.226244 0.00792521
110 0.151614 0.00533216
110 0.155853 0.00582242
110 0.231427 0.00855386
110 0.226777 0.00782738
110 0.151707 0.00538688
110 0.155851 0.00560386
110 0.231782 0.00821838
110 0.226752 0.00770665
110 0.151919 0.00520282
110 0.156517 0.00589692
110 0.23218 0.00799378
120 0.252071 0.00971691
120 0.247068 0.00918122
120 0.16501 0.0127421
120 0.169411 0.00814822
120 0.251987 0.00968475
120 0.246122 0.00950847
120 0.164084 0.0131997
120 0.168282 0.00762284
120 0.251693 0.00975229
120 0.246383 0.0134494
120 0.163967 0.0139444
120 0.168465 0.00751461
130 0.270493 0.00916261
130 0.266097 0.00896628
130 0.177937 0.00604398
130 0.181436 0.0062411
130 0.271641 0.00920725
130 0.267361 0.00896808
130 0.179224 0.00605678
130 0.182621 0.0061579
130 0.271213 0.00914613
130 0.267532 0.00903106
130 0.179178 0.00611536
130 0.182719 0.00624794
140 0.281701 0.0094393
140 0.186642 0.00647525
140 0.190626 0.00686527
140 0.287038 0.00975358
140 0.191707 0.00777582
140 0.286482 0.0103369
140 0.282126 0.0101402
140 0.187014 0.007549
140 0.191601 0.0123717
140 0.287056 0.0104516
140 0.282157 0.0101305
140 0.186784 0.00791668
150 0.205068 0.00708984
150 0.307088 0.0102813
150 0.301059 0.0101757
150 0.199713 0.00672655
150 0.204856 0.00693353
150 0.306727 0.0103899
150 0.301266 0.0100929
150 0.199663 0.00687511
150 0.204648 0.00702459
150 0.306428 0.0103963
150 0.301146 0.010229
150 0.199232 0.0068892
