0.223327 0.00284307
0.161986 0.00234143
0.165659 0.00260604
0.227834 0.0030933
0.223493 0.00297976
0.161752 0.00265151
0.165968 0.00239395
0.228036 0.00326657
0.223543 0.00286866
0.161874 0.00203149
0.165754 0.0025905
0.22821 0.00316306
0.219504 0.00323939
0.157105 0.00223951
0.160541 0.00279049
0.223953 0.00406141
0.21996 0.00303115
0.15718 0.00231934
0.160539 0.00248135
0.224258 0.00349402
0.219939 0.00279548
0.157351 0.00201816
0.161077 0.00286857
0.224601 0.00306244
0.221628 0.00461389
0.217659 0.00404785
0.154003 0.00882225
0.157307 0.00477143
0.221561 0.00457372
0.216908 0.00452983
0.153306 0.00920408
0.156456 0.00427373
0.221328 0.00467322
0.217116 0.00879625
0.153218 0.00980717
0.156594 0.00415879
0.218135 0.00273815
0.214895 0.00260832
0.151172 0.00188984
0.153633 0.00204447
0.218982 0.00275945
0.215826 0.00254264
0.152075 0.0018522
0.154468 0.00186074
0.218666 0.00266948
0.215952 0.00265181
0.152043 0.00194688
0.154538 0.00200007
0.210249 0.00246123
0.146067 0.00203016
0.148703 0.00239985
0.213919 0.00274203
0.149419 0.00337244
0.213539 0.00363309
0.210541 0.0035268
0.146327 0.00324878
0.149349 0.00718729
0.213934 0.00376529
0.210562 0.00351236
0.146176 0.0036113
0.147737 0.00204003
0.212568 0.00247575
0.208661 0.0025886
0.144397 0.00173641
0.147603 0.00182641
0.212335 0.00267515
0.208793 0.00244149
0.144368 0.00195315
0.147471 0.00196632
0.212142 0.00269939
0.208715 0.00266956
0.1441 0.00198879
